0 144 360 
0 152 360 
0 160 360 
0 168 360 
0 176 360 
0 184 360 
0 192 360 
0 200 360 
0 208 360 
0 216 360 
0 224 360 
0 232 360 
0 240 360 
0 248 360 
0 256 360 
0 264 360 
0 272 360 
0 280 360 
0 144 368 
0 152 368 
0 160 368 
0 168 368 
0 176 368 
0 184 368 
0 192 368 
0 200 368 
0 208 368 
0 216 368 
0 224 368 
0 232 368 
0 240 368 
0 248 368 
0 256 368 
0 264 368 
0 272 368 
0 280 368 
0 288 368 
0 144 376 
0 152 376 
0 160 376 
0 168 376 
0 176 376 
0 184 376 
0 192 376 
0 200 376 
0 208 376 
0 216 376 
0 224 376 
0 232 376 
0 240 376 
0 248 376 
0 256 376 
0 264 376 
0 272 376 
0 280 376 
0 288 376 
0 296 376 
0 144 384 
0 152 384 
0 160 384 
0 168 384 
0 176 384 
0 184 384 
0 192 384 
0 200 384 
0 208 384 
0 216 384 
0 224 384 
0 232 384 
0 240 384 
0 248 384 
0 256 384 
0 264 384 
0 272 384 
0 280 384 
0 288 384 
0 296 384 
0 304 384 
0 312 384 
1 32 392 
0 144 392 
0 152 392 
0 160 392 
0 168 392 
0 176 392 
0 184 392 
0 192 392 
0 200 392 
0 208 392 
0 216 392 
0 224 392 
0 232 392 
0 240 392 
0 248 392 
0 256 392 
0 264 392 
0 272 392 
0 280 392 
0 288 392 
0 296 392 
0 304 392 
0 312 392 
0 320 392 
0 136 400 
0 144 400 
0 152 400 
0 160 400 
0 168 400 
0 176 400 
0 184 400 
0 192 400 
0 200 400 
0 208 400 
0 216 400 
0 224 400 
0 232 400 
0 240 400 
0 248 400 
0 256 400 
0 264 400 
0 272 400 
0 280 400 
0 288 400 
0 296 400 
0 304 400 
0 312 400 
0 320 400 
0 328 400 
0 336 400 
0 344 400 
0 352 400 
0 136 408 
0 144 408 
0 152 408 
0 160 408 
0 168 408 
0 176 408 
0 184 408 
0 192 408 
0 200 408 
0 208 408 
0 216 408 
0 224 408 
0 232 408 
0 240 408 
0 248 408 
0 256 408 
0 264 408 
0 272 408 
0 280 408 
0 288 408 
0 296 408 
0 304 408 
0 312 408 
0 320 408 
0 328 408 
0 336 408 
0 344 408 
0 352 408 
0 360 408 
0 128 416 
0 136 416 
0 144 416 
0 152 416 
0 160 416 
0 168 416 
0 176 416 
0 184 416 
0 192 416 
0 200 416 
0 208 416 
0 216 416 
0 224 416 
0 232 416 
0 240 416 
0 248 416 
0 256 416 
0 264 416 
0 272 416 
0 280 416 
0 288 416 
0 296 416 
0 304 416 
0 312 416 
0 320 416 
0 328 416 
0 336 416 
0 344 416 
0 352 416 
0 360 416 
0 368 416 
0 376 416 
0 120 424 
0 128 424 
0 136 424 
0 144 424 
0 152 424 
0 160 424 
0 168 424 
0 176 424 
0 184 424 
0 192 424 
0 200 424 
0 208 424 
0 216 424 
0 224 424 
0 232 424 
0 240 424 
0 248 424 
0 256 424 
0 264 424 
0 272 424 
0 280 424 
0 288 424 
0 296 424 
0 304 424 
0 312 424 
0 320 424 
0 328 424 
0 336 424 
0 344 424 
0 352 424 
0 360 424 
0 368 424 
0 376 424 
0 384 424 
0 392 424 
0 112 432 
0 120 432 
0 128 432 
0 136 432 
0 144 432 
0 152 432 
0 160 432 
0 168 432 
0 176 432 
0 184 432 
0 192 432 
0 200 432 
0 208 432 
0 216 432 
0 224 432 
0 232 432 
0 240 432 
0 248 432 
0 256 432 
0 264 432 
0 272 432 
0 280 432 
0 288 432 
0 296 432 
0 304 432 
0 312 432 
0 320 432 
0 328 432 
0 336 432 
0 344 432 
0 352 432 
0 360 432 
0 368 432 
0 376 432 
0 384 432 
0 392 432 
0 400 432 
0 408 432 
0 104 440 
0 112 440 
0 120 440 
0 128 440 
0 136 440 
0 144 440 
0 152 440 
0 160 440 
0 168 440 
0 176 440 
0 184 440 
0 192 440 
0 200 440 
0 208 440 
0 216 440 
0 224 440 
0 232 440 
0 240 440 
0 248 440 
0 256 440 
0 264 440 
0 272 440 
0 280 440 
0 288 440 
0 296 440 
0 304 440 
0 312 440 
0 320 440 
0 328 440 
0 336 440 
0 344 440 
0 352 440 
0 360 440 
0 368 440 
0 376 440 
0 384 440 
0 392 440 
0 400 440 
0 408 440 
0 416 440 
0 424 440 
0 432 440 
0 720 440 
0 728 440 
0 736 440 
0 744 440 
0 752 440 
0 760 440 
0 768 440 
0 776 440 
0 784 440 
0 792 440 
0 96 448 
0 104 448 
0 112 448 
0 120 448 
0 128 448 
0 136 448 
0 144 448 
0 152 448 
0 160 448 
0 168 448 
0 176 448 
0 184 448 
0 192 448 
0 200 448 
0 208 448 
0 216 448 
0 224 448 
0 232 448 
0 240 448 
0 248 448 
0 256 448 
0 264 448 
0 272 448 
0 280 448 
0 288 448 
0 296 448 
0 304 448 
0 312 448 
0 320 448 
0 328 448 
0 336 448 
0 344 448 
0 352 448 
0 360 448 
0 368 448 
0 376 448 
0 384 448 
0 392 448 
0 400 448 
0 408 448 
0 416 448 
0 424 448 
0 432 448 
0 440 448 
0 448 448 
0 696 448 
0 704 448 
0 712 448 
0 720 448 
0 728 448 
0 736 448 
0 744 448 
0 752 448 
0 760 448 
0 768 448 
0 776 448 
0 784 448 
0 792 448 
0 80 456 
0 88 456 
0 96 456 
0 104 456 
0 112 456 
0 120 456 
0 128 456 
0 136 456 
0 144 456 
0 152 456 
0 160 456 
0 168 456 
0 176 456 
0 184 456 
0 192 456 
0 200 456 
0 208 456 
0 216 456 
0 224 456 
0 232 456 
0 240 456 
0 248 456 
0 256 456 
0 264 456 
0 272 456 
0 280 456 
0 288 456 
0 296 456 
0 304 456 
0 312 456 
0 320 456 
0 328 456 
0 336 456 
0 344 456 
0 352 456 
0 360 456 
0 368 456 
0 376 456 
0 384 456 
0 392 456 
0 400 456 
0 408 456 
0 416 456 
0 424 456 
0 432 456 
0 440 456 
0 448 456 
0 456 456 
0 464 456 
0 656 456 
0 664 456 
0 672 456 
0 680 456 
0 688 456 
0 696 456 
0 704 456 
0 712 456 
0 720 456 
0 728 456 
0 736 456 
0 744 456 
0 752 456 
0 760 456 
0 768 456 
0 776 456 
0 784 456 
0 792 456 
0 72 464 
0 80 464 
0 88 464 
0 96 464 
0 104 464 
0 112 464 
0 120 464 
0 128 464 
0 136 464 
0 144 464 
0 152 464 
0 160 464 
0 168 464 
0 176 464 
0 184 464 
0 192 464 
0 200 464 
0 208 464 
0 216 464 
0 224 464 
0 232 464 
0 240 464 
0 248 464 
0 256 464 
0 264 464 
0 272 464 
0 280 464 
0 288 464 
0 296 464 
0 304 464 
0 312 464 
0 320 464 
0 328 464 
0 336 464 
0 344 464 
0 352 464 
0 360 464 
0 368 464 
0 376 464 
0 384 464 
0 392 464 
0 400 464 
0 408 464 
0 416 464 
0 424 464 
0 432 464 
0 440 464 
0 448 464 
0 456 464 
0 464 464 
0 472 464 
0 480 464 
0 488 464 
0 496 464 
0 504 464 
0 512 464 
0 520 464 
0 528 464 
0 536 464 
0 544 464 
0 552 464 
0 560 464 
0 568 464 
0 576 464 
0 584 464 
0 592 464 
0 600 464 
0 608 464 
0 616 464 
0 624 464 
0 632 464 
0 640 464 
0 648 464 
0 656 464 
0 664 464 
0 672 464 
0 680 464 
0 688 464 
0 696 464 
0 704 464 
0 712 464 
0 720 464 
0 728 464 
0 736 464 
0 744 464 
0 752 464 
0 760 464 
0 768 464 
0 776 464 
0 784 464 
0 792 464 
0 0 472 
0 8 472 
0 16 472 
0 24 472 
0 32 472 
0 40 472 
0 48 472 
0 56 472 
0 64 472 
0 72 472 
0 80 472 
0 88 472 
0 96 472 
0 104 472 
0 112 472 
0 120 472 
0 128 472 
0 136 472 
0 144 472 
0 152 472 
0 160 472 
0 168 472 
0 176 472 
0 184 472 
0 192 472 
0 200 472 
0 208 472 
0 216 472 
0 224 472 
0 232 472 
0 240 472 
0 248 472 
0 256 472 
0 264 472 
0 272 472 
0 280 472 
0 288 472 
0 296 472 
0 304 472 
0 312 472 
0 320 472 
0 328 472 
0 336 472 
0 344 472 
0 352 472 
0 360 472 
0 368 472 
0 376 472 
0 384 472 
0 392 472 
0 400 472 
0 408 472 
0 416 472 
0 424 472 
0 432 472 
0 440 472 
0 448 472 
0 456 472 
0 464 472 
0 472 472 
0 480 472 
0 488 472 
0 496 472 
0 504 472 
0 512 472 
0 520 472 
0 528 472 
0 536 472 
0 544 472 
0 552 472 
0 560 472 
0 568 472 
0 576 472 
0 584 472 
0 592 472 
0 600 472 
0 608 472 
0 616 472 
0 624 472 
0 632 472 
0 640 472 
0 648 472 
0 656 472 
0 664 472 
0 672 472 
0 680 472 
0 688 472 
0 696 472 
0 704 472 
0 712 472 
0 720 472 
0 728 472 
0 736 472 
0 744 472 
0 752 472 
0 760 472 
0 768 472 
0 776 472 
0 784 472 
0 792 472 
0 0 480 
0 8 480 
0 16 480 
0 24 480 
0 32 480 
0 40 480 
0 48 480 
0 56 480 
0 64 480 
0 72 480 
0 80 480 
0 88 480 
0 96 480 
0 104 480 
0 112 480 
0 120 480 
0 128 480 
0 136 480 
0 144 480 
0 152 480 
0 160 480 
0 168 480 
0 176 480 
0 184 480 
0 192 480 
0 200 480 
0 208 480 
0 216 480 
0 224 480 
0 232 480 
0 240 480 
0 248 480 
0 256 480 
0 264 480 
0 272 480 
0 280 480 
0 288 480 
0 296 480 
0 304 480 
0 312 480 
0 320 480 
0 328 480 
0 336 480 
0 344 480 
0 352 480 
0 360 480 
0 368 480 
0 376 480 
0 384 480 
0 392 480 
0 400 480 
0 408 480 
0 416 480 
0 424 480 
0 432 480 
0 440 480 
0 448 480 
0 456 480 
0 464 480 
0 472 480 
0 480 480 
0 488 480 
0 496 480 
0 504 480 
0 512 480 
0 520 480 
0 528 480 
0 536 480 
0 544 480 
0 552 480 
0 560 480 
0 568 480 
0 576 480 
0 584 480 
0 592 480 
0 600 480 
0 608 480 
0 616 480 
0 624 480 
0 632 480 
0 640 480 
0 648 480 
0 656 480 
0 664 480 
0 672 480 
0 680 480 
0 688 480 
0 696 480 
0 704 480 
0 712 480 
0 720 480 
0 728 480 
0 736 480 
0 744 480 
0 752 480 
0 760 480 
0 768 480 
0 776 480 
0 784 480 
0 792 480 
0 0 488 
0 8 488 
0 16 488 
0 24 488 
0 32 488 
0 40 488 
0 48 488 
0 56 488 
0 64 488 
0 72 488 
0 80 488 
0 88 488 
0 96 488 
0 104 488 
0 112 488 
0 120 488 
0 128 488 
0 136 488 
0 144 488 
0 152 488 
0 160 488 
0 168 488 
0 176 488 
0 184 488 
0 192 488 
0 200 488 
0 208 488 
0 216 488 
0 224 488 
0 232 488 
0 240 488 
0 248 488 
0 256 488 
0 264 488 
0 272 488 
0 280 488 
0 288 488 
0 296 488 
0 304 488 
0 312 488 
0 320 488 
0 328 488 
0 336 488 
0 344 488 
0 352 488 
0 360 488 
0 368 488 
0 376 488 
0 384 488 
0 392 488 
0 400 488 
0 408 488 
0 416 488 
0 424 488 
0 432 488 
0 440 488 
0 448 488 
0 456 488 
0 464 488 
0 472 488 
0 480 488 
0 488 488 
0 496 488 
0 504 488 
0 512 488 
0 520 488 
0 528 488 
0 536 488 
0 544 488 
0 552 488 
0 560 488 
0 568 488 
0 576 488 
0 584 488 
0 592 488 
0 600 488 
0 608 488 
0 616 488 
0 624 488 
0 632 488 
0 640 488 
0 648 488 
0 656 488 
0 664 488 
0 672 488 
0 680 488 
0 688 488 
0 696 488 
0 704 488 
0 712 488 
0 720 488 
0 728 488 
0 736 488 
0 744 488 
0 752 488 
0 760 488 
0 768 488 
0 776 488 
0 784 488 
0 792 488 
0 0 496 
0 8 496 
0 16 496 
0 24 496 
0 32 496 
0 40 496 
0 48 496 
0 56 496 
0 64 496 
0 72 496 
0 80 496 
0 88 496 
0 96 496 
0 104 496 
0 112 496 
0 120 496 
0 128 496 
0 136 496 
0 144 496 
0 152 496 
0 160 496 
0 168 496 
0 176 496 
0 184 496 
0 192 496 
0 200 496 
0 208 496 
0 216 496 
0 224 496 
0 232 496 
0 240 496 
0 248 496 
0 256 496 
0 264 496 
0 272 496 
0 280 496 
0 288 496 
0 296 496 
0 304 496 
0 312 496 
0 320 496 
0 328 496 
0 336 496 
0 344 496 
0 352 496 
0 360 496 
0 368 496 
0 376 496 
0 384 496 
0 392 496 
0 400 496 
0 408 496 
0 416 496 
0 424 496 
0 432 496 
0 440 496 
0 448 496 
0 456 496 
0 464 496 
0 472 496 
0 480 496 
0 488 496 
0 496 496 
0 504 496 
0 512 496 
0 520 496 
0 528 496 
0 536 496 
0 544 496 
0 552 496 
0 560 496 
0 568 496 
0 576 496 
0 584 496 
0 592 496 
0 600 496 
0 608 496 
0 616 496 
0 624 496 
0 632 496 
0 640 496 
0 648 496 
0 656 496 
0 664 496 
0 672 496 
0 680 496 
0 688 496 
0 696 496 
0 704 496 
0 712 496 
0 720 496 
0 728 496 
0 736 496 
0 744 496 
0 752 496 
0 760 496 
0 768 496 
0 776 496 
0 784 496 
0 792 496 
0 0 504 
0 8 504 
0 16 504 
0 24 504 
0 32 504 
0 40 504 
0 48 504 
0 56 504 
0 64 504 
0 72 504 
0 80 504 
0 88 504 
0 96 504 
0 104 504 
0 112 504 
0 120 504 
0 128 504 
0 136 504 
0 144 504 
0 152 504 
0 160 504 
0 168 504 
0 176 504 
0 184 504 
0 192 504 
0 200 504 
0 208 504 
0 216 504 
0 224 504 
0 232 504 
0 240 504 
0 248 504 
0 256 504 
0 264 504 
0 272 504 
0 280 504 
0 288 504 
0 296 504 
0 304 504 
0 312 504 
0 320 504 
0 328 504 
0 336 504 
0 344 504 
0 352 504 
0 360 504 
0 368 504 
0 376 504 
0 384 504 
0 392 504 
0 400 504 
0 408 504 
0 416 504 
0 424 504 
0 432 504 
0 440 504 
0 448 504 
0 456 504 
0 464 504 
0 472 504 
0 480 504 
0 488 504 
0 496 504 
0 504 504 
0 512 504 
0 520 504 
0 528 504 
0 536 504 
0 544 504 
0 552 504 
0 560 504 
0 568 504 
0 576 504 
0 584 504 
0 592 504 
0 600 504 
0 608 504 
0 616 504 
0 624 504 
0 632 504 
0 640 504 
0 648 504 
0 656 504 
0 664 504 
0 672 504 
0 680 504 
0 688 504 
0 696 504 
0 704 504 
0 712 504 
0 720 504 
0 728 504 
0 736 504 
0 744 504 
0 752 504 
0 760 504 
0 768 504 
0 776 504 
0 784 504 
0 792 504 
0 0 512 
0 8 512 
0 16 512 
0 24 512 
0 32 512 
0 40 512 
0 48 512 
0 56 512 
0 64 512 
0 72 512 
0 80 512 
0 88 512 
0 96 512 
0 104 512 
0 112 512 
0 120 512 
0 128 512 
0 136 512 
0 144 512 
0 152 512 
0 160 512 
0 168 512 
0 176 512 
0 184 512 
0 192 512 
0 200 512 
0 208 512 
0 216 512 
0 224 512 
0 232 512 
0 240 512 
0 248 512 
0 256 512 
0 264 512 
0 272 512 
0 280 512 
0 288 512 
0 296 512 
0 304 512 
0 312 512 
0 320 512 
0 328 512 
0 336 512 
0 344 512 
0 352 512 
0 360 512 
0 368 512 
0 376 512 
0 384 512 
0 392 512 
0 400 512 
0 408 512 
0 416 512 
0 424 512 
0 432 512 
0 440 512 
0 448 512 
0 456 512 
0 464 512 
0 472 512 
0 480 512 
0 488 512 
0 496 512 
0 504 512 
0 512 512 
0 520 512 
0 528 512 
0 536 512 
0 544 512 
0 552 512 
0 560 512 
0 568 512 
0 576 512 
0 584 512 
0 592 512 
0 600 512 
0 608 512 
0 616 512 
0 624 512 
0 632 512 
0 640 512 
0 648 512 
0 656 512 
0 664 512 
0 672 512 
0 680 512 
0 688 512 
0 696 512 
0 704 512 
0 712 512 
0 720 512 
0 728 512 
0 736 512 
0 744 512 
0 752 512 
0 760 512 
0 768 512 
0 776 512 
0 784 512 
0 792 512 
0 0 520 
0 8 520 
0 16 520 
0 24 520 
0 32 520 
0 40 520 
0 48 520 
0 56 520 
0 64 520 
0 72 520 
0 80 520 
0 88 520 
0 96 520 
0 104 520 
0 112 520 
0 120 520 
0 128 520 
0 136 520 
0 144 520 
0 152 520 
0 160 520 
0 168 520 
0 176 520 
0 184 520 
0 192 520 
0 200 520 
0 208 520 
0 216 520 
0 224 520 
0 232 520 
0 240 520 
0 248 520 
0 256 520 
0 264 520 
0 272 520 
0 280 520 
0 288 520 
0 296 520 
0 304 520 
0 312 520 
0 320 520 
0 328 520 
0 336 520 
0 344 520 
0 352 520 
0 360 520 
0 368 520 
0 376 520 
0 384 520 
0 392 520 
0 400 520 
0 408 520 
0 416 520 
0 424 520 
0 432 520 
0 440 520 
0 448 520 
0 456 520 
0 464 520 
0 472 520 
0 480 520 
0 488 520 
0 496 520 
0 504 520 
0 512 520 
0 520 520 
0 528 520 
0 536 520 
0 544 520 
0 552 520 
0 560 520 
0 568 520 
0 576 520 
0 584 520 
0 592 520 
0 600 520 
0 608 520 
0 616 520 
0 624 520 
0 632 520 
0 640 520 
0 648 520 
0 656 520 
0 664 520 
0 672 520 
0 680 520 
0 688 520 
0 696 520 
0 704 520 
0 712 520 
0 720 520 
0 728 520 
0 736 520 
0 744 520 
0 752 520 
0 760 520 
0 768 520 
0 776 520 
0 784 520 
0 792 520 
0 0 528 
0 8 528 
0 16 528 
0 24 528 
0 32 528 
0 40 528 
0 48 528 
0 56 528 
0 64 528 
0 72 528 
0 80 528 
0 88 528 
0 96 528 
0 104 528 
0 112 528 
0 120 528 
0 128 528 
0 136 528 
0 144 528 
0 152 528 
0 160 528 
0 168 528 
0 176 528 
0 184 528 
0 192 528 
0 200 528 
0 208 528 
0 216 528 
0 224 528 
0 232 528 
0 240 528 
0 248 528 
0 256 528 
0 264 528 
0 272 528 
0 280 528 
0 288 528 
0 296 528 
0 304 528 
0 312 528 
0 320 528 
0 328 528 
0 336 528 
0 344 528 
0 352 528 
0 360 528 
0 368 528 
0 376 528 
0 384 528 
0 392 528 
0 400 528 
0 408 528 
0 416 528 
0 424 528 
0 432 528 
0 440 528 
0 448 528 
0 456 528 
0 464 528 
0 472 528 
0 480 528 
0 488 528 
0 496 528 
0 504 528 
0 512 528 
0 520 528 
0 528 528 
0 536 528 
0 544 528 
0 552 528 
0 560 528 
0 568 528 
0 576 528 
0 584 528 
0 592 528 
0 600 528 
0 608 528 
0 616 528 
0 624 528 
0 632 528 
0 640 528 
0 648 528 
0 656 528 
0 664 528 
0 672 528 
0 680 528 
0 688 528 
0 696 528 
0 704 528 
0 712 528 
0 720 528 
0 728 528 
0 736 528 
0 744 528 
0 752 528 
0 760 528 
0 768 528 
0 776 528 
0 784 528 
0 792 528 
0 0 536 
0 8 536 
0 16 536 
0 24 536 
0 32 536 
0 40 536 
0 48 536 
0 56 536 
0 64 536 
0 72 536 
0 80 536 
0 88 536 
0 96 536 
0 104 536 
0 112 536 
0 120 536 
0 128 536 
0 136 536 
0 144 536 
0 152 536 
0 160 536 
0 168 536 
0 176 536 
0 184 536 
0 192 536 
0 200 536 
0 208 536 
0 216 536 
0 224 536 
0 232 536 
0 240 536 
0 248 536 
0 256 536 
0 264 536 
0 272 536 
0 280 536 
0 288 536 
0 296 536 
0 304 536 
0 312 536 
0 320 536 
0 328 536 
0 336 536 
0 344 536 
0 352 536 
0 360 536 
0 368 536 
0 376 536 
0 384 536 
0 392 536 
0 400 536 
0 408 536 
0 416 536 
0 424 536 
0 432 536 
0 440 536 
0 448 536 
0 456 536 
0 464 536 
0 472 536 
0 480 536 
0 488 536 
0 496 536 
0 504 536 
0 512 536 
0 520 536 
0 528 536 
0 536 536 
0 544 536 
0 552 536 
0 560 536 
0 568 536 
0 576 536 
0 584 536 
0 592 536 
0 600 536 
0 608 536 
0 616 536 
0 624 536 
0 632 536 
0 640 536 
0 648 536 
0 656 536 
0 664 536 
0 672 536 
0 680 536 
0 688 536 
0 696 536 
0 704 536 
0 712 536 
0 720 536 
0 728 536 
0 736 536 
0 744 536 
0 752 536 
0 760 536 
0 768 536 
0 776 536 
0 784 536 
0 792 536 
0 0 544 
0 8 544 
0 16 544 
0 24 544 
0 32 544 
0 40 544 
0 48 544 
0 56 544 
0 64 544 
0 72 544 
0 80 544 
0 88 544 
0 96 544 
0 104 544 
0 112 544 
0 120 544 
0 128 544 
0 136 544 
0 144 544 
0 152 544 
0 160 544 
0 168 544 
0 176 544 
0 184 544 
0 192 544 
0 200 544 
0 208 544 
0 216 544 
0 224 544 
0 232 544 
0 240 544 
0 248 544 
0 256 544 
0 264 544 
0 272 544 
0 280 544 
0 288 544 
0 296 544 
0 304 544 
0 312 544 
0 320 544 
0 328 544 
0 336 544 
0 344 544 
0 352 544 
0 360 544 
0 368 544 
0 376 544 
0 384 544 
0 392 544 
0 400 544 
0 408 544 
0 416 544 
0 424 544 
0 432 544 
0 440 544 
0 448 544 
0 456 544 
0 464 544 
0 472 544 
0 480 544 
0 488 544 
0 496 544 
0 504 544 
0 512 544 
0 520 544 
0 528 544 
0 536 544 
0 544 544 
0 552 544 
0 560 544 
0 568 544 
0 576 544 
0 584 544 
0 592 544 
0 600 544 
0 608 544 
0 616 544 
0 624 544 
0 632 544 
0 640 544 
0 648 544 
0 656 544 
0 664 544 
0 672 544 
0 680 544 
0 688 544 
0 696 544 
0 704 544 
0 712 544 
0 720 544 
0 728 544 
0 736 544 
0 744 544 
0 752 544 
0 760 544 
0 768 544 
0 776 544 
0 784 544 
0 792 544 
0 0 552 
0 8 552 
0 16 552 
0 24 552 
0 32 552 
0 40 552 
0 48 552 
0 56 552 
0 64 552 
0 72 552 
0 80 552 
0 88 552 
0 96 552 
0 104 552 
0 112 552 
0 120 552 
0 128 552 
0 136 552 
0 144 552 
0 152 552 
0 160 552 
0 168 552 
0 176 552 
0 184 552 
0 192 552 
0 200 552 
0 208 552 
0 216 552 
0 224 552 
0 232 552 
0 240 552 
0 248 552 
0 256 552 
0 264 552 
0 272 552 
0 280 552 
0 288 552 
0 296 552 
0 304 552 
0 312 552 
0 320 552 
0 328 552 
0 336 552 
0 344 552 
0 352 552 
0 360 552 
0 368 552 
0 376 552 
0 384 552 
0 392 552 
0 400 552 
0 408 552 
0 416 552 
0 424 552 
0 432 552 
0 440 552 
0 448 552 
0 456 552 
0 464 552 
0 472 552 
0 480 552 
0 488 552 
0 496 552 
0 504 552 
0 512 552 
0 520 552 
0 528 552 
0 536 552 
0 544 552 
0 552 552 
0 560 552 
0 568 552 
0 576 552 
0 584 552 
0 592 552 
0 600 552 
0 608 552 
0 616 552 
0 624 552 
0 632 552 
0 640 552 
0 648 552 
0 656 552 
0 664 552 
0 672 552 
0 680 552 
0 688 552 
0 696 552 
0 704 552 
0 712 552 
0 720 552 
0 728 552 
0 736 552 
0 744 552 
0 752 552 
0 760 552 
0 768 552 
0 776 552 
0 784 552 
0 792 552 
0 0 560 
0 8 560 
0 16 560 
0 24 560 
0 32 560 
0 40 560 
0 48 560 
0 56 560 
0 64 560 
0 72 560 
0 80 560 
0 88 560 
0 96 560 
0 104 560 
0 112 560 
0 120 560 
0 128 560 
0 136 560 
0 144 560 
0 152 560 
0 160 560 
0 168 560 
0 176 560 
0 184 560 
0 192 560 
0 200 560 
0 208 560 
0 216 560 
0 224 560 
0 232 560 
0 240 560 
0 248 560 
0 256 560 
0 264 560 
0 272 560 
0 280 560 
0 288 560 
0 296 560 
0 304 560 
0 312 560 
0 320 560 
0 328 560 
0 336 560 
0 344 560 
0 352 560 
0 360 560 
0 368 560 
0 376 560 
0 384 560 
0 392 560 
0 400 560 
0 408 560 
0 416 560 
0 424 560 
0 432 560 
0 440 560 
0 448 560 
0 456 560 
0 464 560 
0 472 560 
0 480 560 
0 488 560 
0 496 560 
0 504 560 
0 512 560 
0 520 560 
0 528 560 
0 536 560 
0 544 560 
0 552 560 
0 560 560 
0 568 560 
0 576 560 
0 584 560 
0 592 560 
0 600 560 
0 608 560 
0 616 560 
0 624 560 
0 632 560 
0 640 560 
0 648 560 
0 656 560 
0 664 560 
0 672 560 
0 680 560 
0 688 560 
0 696 560 
0 704 560 
0 712 560 
0 720 560 
0 728 560 
0 736 560 
0 744 560 
0 752 560 
0 760 560 
0 768 560 
0 776 560 
0 784 560 
0 792 560 
0 0 568 
0 8 568 
0 16 568 
0 24 568 
0 32 568 
0 40 568 
0 48 568 
0 56 568 
0 64 568 
0 72 568 
0 80 568 
0 88 568 
0 96 568 
0 104 568 
0 112 568 
0 120 568 
0 128 568 
0 136 568 
0 144 568 
0 152 568 
0 160 568 
0 168 568 
0 176 568 
0 184 568 
0 192 568 
0 200 568 
0 208 568 
0 216 568 
0 224 568 
0 232 568 
0 240 568 
0 248 568 
0 256 568 
0 264 568 
0 272 568 
0 280 568 
0 288 568 
0 296 568 
0 304 568 
0 312 568 
0 320 568 
0 328 568 
0 336 568 
0 344 568 
0 352 568 
0 360 568 
0 368 568 
0 376 568 
0 384 568 
0 392 568 
0 400 568 
0 408 568 
0 416 568 
0 424 568 
0 432 568 
0 440 568 
0 448 568 
0 456 568 
0 464 568 
0 472 568 
0 480 568 
0 488 568 
0 496 568 
0 504 568 
0 512 568 
0 520 568 
0 528 568 
0 536 568 
0 544 568 
0 552 568 
0 560 568 
0 568 568 
0 576 568 
0 584 568 
0 592 568 
0 600 568 
0 608 568 
0 616 568 
0 624 568 
0 632 568 
0 640 568 
0 648 568 
0 656 568 
0 664 568 
0 672 568 
0 680 568 
0 688 568 
0 696 568 
0 704 568 
0 712 568 
0 720 568 
0 728 568 
0 736 568 
0 744 568 
0 752 568 
0 760 568 
0 768 568 
0 776 568 
0 784 568 
0 792 568 
0 0 576 
0 8 576 
0 16 576 
0 24 576 
0 32 576 
0 40 576 
0 48 576 
0 56 576 
0 64 576 
0 72 576 
0 80 576 
0 88 576 
0 96 576 
0 104 576 
0 112 576 
0 120 576 
0 128 576 
0 136 576 
0 144 576 
0 152 576 
0 160 576 
0 168 576 
0 176 576 
0 184 576 
0 192 576 
0 200 576 
0 208 576 
0 216 576 
0 224 576 
0 232 576 
0 240 576 
0 248 576 
0 256 576 
0 264 576 
0 272 576 
0 280 576 
0 288 576 
0 296 576 
0 304 576 
0 312 576 
0 320 576 
0 328 576 
0 336 576 
0 344 576 
0 352 576 
0 360 576 
0 368 576 
0 376 576 
0 384 576 
0 392 576 
0 400 576 
0 408 576 
0 416 576 
0 424 576 
0 432 576 
0 440 576 
0 448 576 
0 456 576 
0 464 576 
0 472 576 
0 480 576 
0 488 576 
0 496 576 
0 504 576 
0 512 576 
0 520 576 
0 528 576 
0 536 576 
0 544 576 
0 552 576 
0 560 576 
0 568 576 
0 576 576 
0 584 576 
0 592 576 
0 600 576 
0 608 576 
0 616 576 
0 624 576 
0 632 576 
0 640 576 
0 648 576 
0 656 576 
0 664 576 
0 672 576 
0 680 576 
0 688 576 
0 696 576 
0 704 576 
0 712 576 
0 720 576 
0 728 576 
0 736 576 
0 744 576 
0 752 576 
0 760 576 
0 768 576 
0 776 576 
0 784 576 
0 792 576 
0 0 584 
0 8 584 
0 16 584 
0 24 584 
0 32 584 
0 40 584 
0 48 584 
0 56 584 
0 64 584 
0 72 584 
0 80 584 
0 88 584 
0 96 584 
0 104 584 
0 112 584 
0 120 584 
0 128 584 
0 136 584 
0 144 584 
0 152 584 
0 160 584 
0 168 584 
0 176 584 
0 184 584 
0 192 584 
0 200 584 
0 208 584 
0 216 584 
0 224 584 
0 232 584 
0 240 584 
0 248 584 
0 256 584 
0 264 584 
0 272 584 
0 280 584 
0 288 584 
0 296 584 
0 304 584 
0 312 584 
0 320 584 
0 328 584 
0 336 584 
0 344 584 
0 352 584 
0 360 584 
0 368 584 
0 376 584 
0 384 584 
0 392 584 
0 400 584 
0 408 584 
0 416 584 
0 424 584 
0 432 584 
0 440 584 
0 448 584 
0 456 584 
0 464 584 
0 472 584 
0 480 584 
0 488 584 
0 496 584 
0 504 584 
0 512 584 
0 520 584 
0 528 584 
0 536 584 
0 544 584 
0 552 584 
0 560 584 
0 568 584 
0 576 584 
0 584 584 
0 592 584 
0 600 584 
0 608 584 
0 616 584 
0 624 584 
0 632 584 
0 640 584 
0 648 584 
0 656 584 
0 664 584 
0 672 584 
0 680 584 
0 688 584 
0 696 584 
0 704 584 
0 712 584 
0 720 584 
0 728 584 
0 736 584 
0 744 584 
0 752 584 
0 760 584 
0 768 584 
0 776 584 
0 784 584 
0 792 584 
0 0 592 
0 8 592 
0 16 592 
0 24 592 
0 32 592 
0 40 592 
0 48 592 
0 56 592 
0 64 592 
0 72 592 
0 80 592 
0 88 592 
0 96 592 
0 104 592 
0 112 592 
0 120 592 
0 128 592 
0 136 592 
0 144 592 
0 152 592 
0 160 592 
0 168 592 
0 176 592 
0 184 592 
0 192 592 
0 200 592 
0 208 592 
0 216 592 
0 224 592 
0 232 592 
0 240 592 
0 248 592 
0 256 592 
0 264 592 
0 272 592 
0 280 592 
0 288 592 
0 296 592 
0 304 592 
0 312 592 
0 320 592 
0 328 592 
0 336 592 
0 344 592 
0 352 592 
0 360 592 
0 368 592 
0 376 592 
0 384 592 
0 392 592 
0 400 592 
0 408 592 
0 416 592 
0 424 592 
0 432 592 
0 440 592 
0 448 592 
0 456 592 
0 464 592 
0 472 592 
0 480 592 
0 488 592 
0 496 592 
0 504 592 
0 512 592 
0 520 592 
0 528 592 
0 536 592 
0 544 592 
0 552 592 
0 560 592 
0 568 592 
0 576 592 
0 584 592 
0 592 592 
0 600 592 
0 608 592 
0 616 592 
0 624 592 
0 632 592 
0 640 592 
0 648 592 
0 656 592 
0 664 592 
0 672 592 
0 680 592 
0 688 592 
0 696 592 
0 704 592 
0 712 592 
0 720 592 
0 728 592 
0 736 592 
0 744 592 
0 752 592 
0 760 592 
0 768 592 
0 776 592 
0 784 592 
0 792 592 
