0 768 0 
0 776 0 
0 784 0 
0 792 0 
0 768 8 
0 776 8 
0 784 8 
0 792 8 
0 768 16 
0 776 16 
0 784 16 
0 792 16 
0 768 24 
0 776 24 
0 784 24 
0 792 24 
0 768 32 
0 776 32 
0 784 32 
0 792 32 
0 768 40 
0 776 40 
0 784 40 
0 792 40 
0 768 48 
0 776 48 
0 784 48 
0 792 48 
0 768 56 
0 776 56 
0 784 56 
0 792 56 
0 768 64 
0 776 64 
0 784 64 
0 792 64 
0 768 72 
0 776 72 
0 784 72 
0 792 72 
0 768 80 
0 776 80 
0 784 80 
0 792 80 
0 768 88 
0 776 88 
0 784 88 
0 792 88 
0 768 96 
0 776 96 
0 784 96 
0 792 96 
0 768 104 
0 776 104 
0 784 104 
0 792 104 
0 768 112 
0 776 112 
0 784 112 
0 792 112 
0 768 120 
0 776 120 
0 784 120 
0 792 120 
0 768 128 
0 776 128 
0 784 128 
0 792 128 
0 768 136 
0 776 136 
0 784 136 
0 792 136 
0 768 144 
0 776 144 
0 784 144 
0 792 144 
0 768 152 
0 776 152 
0 784 152 
0 792 152 
0 768 160 
0 776 160 
0 784 160 
0 792 160 
0 768 168 
0 776 168 
0 784 168 
0 792 168 
0 768 176 
0 776 176 
0 784 176 
0 792 176 
0 768 184 
0 776 184 
0 784 184 
0 792 184 
0 768 192 
0 776 192 
0 784 192 
0 792 192 
0 768 200 
0 776 200 
0 784 200 
0 792 200 
0 768 208 
0 776 208 
0 784 208 
0 792 208 
0 768 216 
0 776 216 
0 784 216 
0 792 216 
0 768 224 
0 776 224 
0 784 224 
0 792 224 
0 768 232 
0 776 232 
0 784 232 
0 792 232 
0 768 240 
0 776 240 
0 784 240 
0 792 240 
0 768 248 
0 776 248 
0 784 248 
0 792 248 
0 768 256 
0 776 256 
0 784 256 
0 792 256 
0 768 264 
0 776 264 
0 784 264 
0 792 264 
0 768 272 
0 776 272 
0 784 272 
0 792 272 
0 768 280 
0 776 280 
0 784 280 
0 792 280 
0 768 288 
0 776 288 
0 784 288 
0 792 288 
0 768 296 
0 776 296 
0 784 296 
0 792 296 
0 768 304 
0 776 304 
0 784 304 
0 792 304 
0 768 312 
0 776 312 
0 784 312 
0 792 312 
0 768 320 
0 776 320 
0 784 320 
0 792 320 
1 32 328 
0 768 328 
0 776 328 
0 784 328 
0 792 328 
0 768 336 
0 776 336 
0 784 336 
0 792 336 
0 768 344 
0 776 344 
0 784 344 
0 792 344 
0 768 352 
0 776 352 
0 784 352 
0 792 352 
0 768 360 
0 776 360 
0 784 360 
0 792 360 
0 768 368 
0 776 368 
0 784 368 
0 792 368 
0 768 376 
0 776 376 
0 784 376 
0 792 376 
0 768 384 
0 776 384 
0 784 384 
0 792 384 
0 224 392 
0 232 392 
0 240 392 
0 248 392 
0 256 392 
0 264 392 
0 272 392 
0 280 392 
0 288 392 
0 296 392 
0 304 392 
0 312 392 
0 320 392 
0 328 392 
0 336 392 
0 768 392 
0 776 392 
0 784 392 
0 792 392 
0 184 400 
0 192 400 
0 200 400 
0 208 400 
0 216 400 
0 224 400 
0 232 400 
0 240 400 
0 248 400 
0 256 400 
0 264 400 
0 272 400 
0 280 400 
0 288 400 
0 296 400 
0 304 400 
0 312 400 
0 320 400 
0 328 400 
0 336 400 
0 344 400 
0 352 400 
0 768 400 
0 776 400 
0 784 400 
0 792 400 
0 136 408 
0 144 408 
0 152 408 
0 160 408 
0 168 408 
0 176 408 
0 184 408 
0 192 408 
0 200 408 
0 208 408 
0 216 408 
0 224 408 
0 232 408 
0 240 408 
0 248 408 
0 256 408 
0 264 408 
0 272 408 
0 280 408 
0 288 408 
0 296 408 
0 304 408 
0 312 408 
0 320 408 
0 328 408 
0 336 408 
0 344 408 
0 352 408 
0 520 408 
0 528 408 
0 536 408 
0 544 408 
0 552 408 
0 560 408 
0 568 408 
0 768 408 
0 776 408 
0 784 408 
0 792 408 
0 104 416 
0 112 416 
0 120 416 
0 128 416 
0 136 416 
0 144 416 
0 152 416 
0 160 416 
0 328 416 
0 336 416 
0 344 416 
0 352 416 
0 360 416 
0 368 416 
0 504 416 
0 512 416 
0 520 416 
0 528 416 
0 536 416 
0 544 416 
0 552 416 
0 560 416 
0 568 416 
0 576 416 
0 584 416 
0 592 416 
0 600 416 
0 608 416 
0 768 416 
0 776 416 
0 784 416 
0 792 416 
0 88 424 
0 96 424 
0 104 424 
0 112 424 
0 120 424 
0 336 424 
0 344 424 
0 352 424 
0 360 424 
0 368 424 
0 496 424 
0 504 424 
0 512 424 
0 520 424 
0 528 424 
0 536 424 
0 544 424 
0 552 424 
0 560 424 
0 568 424 
0 576 424 
0 584 424 
0 592 424 
0 600 424 
0 608 424 
0 616 424 
0 624 424 
0 632 424 
0 640 424 
0 648 424 
0 656 424 
0 664 424 
0 768 424 
0 776 424 
0 784 424 
0 792 424 
0 72 432 
0 80 432 
0 88 432 
0 96 432 
0 104 432 
0 336 432 
0 344 432 
0 352 432 
0 360 432 
0 368 432 
0 488 432 
0 496 432 
0 504 432 
0 512 432 
0 520 432 
0 528 432 
0 536 432 
0 544 432 
0 552 432 
0 560 432 
0 568 432 
0 576 432 
0 584 432 
0 592 432 
0 600 432 
0 608 432 
0 616 432 
0 624 432 
0 632 432 
0 640 432 
0 648 432 
0 656 432 
0 664 432 
0 672 432 
0 680 432 
0 688 432 
0 768 432 
0 776 432 
0 784 432 
0 792 432 
0 64 440 
0 72 440 
0 80 440 
0 344 440 
0 352 440 
0 360 440 
0 480 440 
0 488 440 
0 496 440 
0 504 440 
0 512 440 
0 520 440 
0 528 440 
0 536 440 
0 544 440 
0 552 440 
0 560 440 
0 568 440 
0 576 440 
0 584 440 
0 592 440 
0 600 440 
0 608 440 
0 616 440 
0 624 440 
0 632 440 
0 640 440 
0 648 440 
0 656 440 
0 664 440 
0 672 440 
0 680 440 
0 688 440 
0 696 440 
0 704 440 
0 712 440 
0 768 440 
0 776 440 
0 784 440 
0 792 440 
0 56 448 
0 64 448 
0 344 448 
0 352 448 
0 360 448 
0 480 448 
0 488 448 
0 496 448 
0 504 448 
0 512 448 
0 520 448 
0 672 448 
0 680 448 
0 688 448 
0 696 448 
0 704 448 
0 712 448 
0 720 448 
0 728 448 
0 736 448 
0 768 448 
0 776 448 
0 784 448 
0 792 448 
0 40 456 
0 48 456 
0 56 456 
0 344 456 
0 352 456 
0 360 456 
0 472 456 
0 480 456 
0 488 456 
0 496 456 
0 504 456 
0 704 456 
0 712 456 
0 720 456 
0 728 456 
0 736 456 
0 744 456 
0 752 456 
0 760 456 
0 768 456 
0 776 456 
0 784 456 
0 792 456 
0 32 464 
0 40 464 
0 48 464 
0 344 464 
0 352 464 
0 360 464 
0 472 464 
0 480 464 
0 488 464 
0 496 464 
0 768 464 
0 776 464 
0 784 464 
0 792 464 
0 16 472 
0 24 472 
0 32 472 
0 352 472 
0 360 472 
0 472 472 
0 480 472 
0 488 472 
0 496 472 
0 8 480 
0 16 480 
0 352 480 
0 360 480 
0 472 480 
0 480 480 
0 488 480 
0 496 480 
0 0 488 
0 8 488 
0 352 488 
0 360 488 
0 464 488 
0 472 488 
0 480 488 
0 488 488 
0 0 496 
0 352 496 
0 360 496 
0 464 496 
0 472 496 
0 480 496 
0 488 496 
0 352 504 
0 464 504 
0 472 504 
0 480 504 
0 488 504 
0 352 512 
0 464 512 
0 472 512 
0 480 512 
0 352 520 
0 456 520 
0 464 520 
0 472 520 
0 480 520 
0 352 528 
0 456 528 
0 464 528 
0 472 528 
0 352 536 
0 448 536 
0 456 536 
0 464 536 
0 352 544 
0 440 544 
0 448 544 
0 456 544 
0 464 544 
0 352 552 
0 440 552 
0 448 552 
0 456 552 
0 352 560 
0 432 560 
0 440 560 
0 448 560 
0 456 560 
0 344 568 
0 352 568 
0 432 568 
0 440 568 
0 448 568 
0 344 576 
0 352 576 
0 424 576 
0 432 576 
0 440 576 
0 448 576 
0 336 584 
0 344 584 
0 352 584 
0 424 584 
0 432 584 
0 440 584 
0 336 592 
0 344 592 
0 424 592 
0 432 592 
0 440 592 
