0 288 0 
0 472 0 
0 288 8 
0 472 8 
0 288 16 
0 472 16 
0 480 16 
0 488 16 
0 496 16 
0 504 16 
0 512 16 
0 520 16 
0 528 16 
0 536 16 
0 544 16 
0 552 16 
0 560 16 
0 568 16 
0 576 16 
0 584 16 
0 592 16 
0 600 16 
0 608 16 
0 616 16 
0 624 16 
0 632 16 
0 640 16 
0 648 16 
0 656 16 
0 664 16 
0 672 16 
0 680 16 
0 688 16 
0 696 16 
0 704 16 
0 712 16 
0 720 16 
0 728 16 
0 736 16 
0 744 16 
0 752 16 
0 760 16 
0 768 16 
0 776 16 
0 784 16 
0 792 16 
0 40 24 
0 48 24 
0 56 24 
0 64 24 
0 72 24 
0 80 24 
0 88 24 
0 96 24 
0 104 24 
0 112 24 
0 120 24 
0 128 24 
0 136 24 
0 144 24 
0 152 24 
0 160 24 
0 168 24 
0 176 24 
0 184 24 
0 192 24 
0 200 24 
0 208 24 
0 216 24 
0 224 24 
0 232 24 
0 240 24 
0 248 24 
0 256 24 
0 264 24 
0 272 24 
0 280 24 
0 288 24 
0 40 32 
0 40 40 
1 384 40 
0 40 48 
0 40 56 
0 40 64 
0 40 72 
0 40 80 
0 40 88 
0 40 96 
0 40 104 
0 40 112 
0 40 120 
0 40 128 
0 40 136 
0 40 144 
0 40 152 
0 40 160 
0 40 168 
0 40 176 
0 40 184 
0 40 192 
0 40 200 
0 40 208 
0 40 216 
0 40 224 
0 40 232 
0 40 240 
0 40 248 
0 40 256 
0 40 264 
0 40 272 
0 40 280 
0 40 288 
0 40 296 
0 40 304 
0 40 312 
0 40 320 
0 40 328 
0 40 336 
0 40 344 
0 40 352 
0 40 360 
0 40 368 
0 40 376 
0 40 384 
0 40 392 
0 40 400 
0 40 408 
0 40 416 
0 40 424 
0 40 432 
0 40 440 
2 48 440 
2 80 440 
2 112 440 
2 144 440 
2 176 440 
2 208 440 
2 240 440 
2 272 440 
2 304 440 
2 336 440 
2 368 440 
2 400 440 
2 432 440 
2 464 440 
2 496 440 
2 528 440 
2 560 440 
2 592 440 
2 624 440 
2 656 440 
2 688 440 
2 720 440 
2 752 440 
2 784 440 
0 40 448 
0 40 456 
0 40 464 
0 40 472 
0 48 472 
0 56 472 
0 64 472 
0 72 472 
0 80 472 
0 88 472 
0 96 472 
0 104 472 
0 112 472 
0 120 472 
0 128 472 
0 136 472 
0 144 472 
0 152 472 
0 160 472 
0 168 472 
0 176 472 
0 184 472 
0 192 472 
0 200 472 
0 208 472 
0 216 472 
0 224 472 
0 232 472 
0 240 472 
0 248 472 
0 256 472 
0 264 472 
0 272 472 
0 280 472 
0 288 472 
0 296 472 
0 304 472 
0 312 472 
0 320 472 
0 328 472 
0 336 472 
0 344 472 
0 352 472 
0 360 472 
0 368 472 
0 376 472 
0 384 472 
0 392 472 
0 400 472 
0 408 472 
0 416 472 
0 424 472 
0 432 472 
0 440 472 
0 448 472 
0 456 472 
0 464 472 
0 472 472 
0 480 472 
0 488 472 
0 496 472 
0 504 472 
0 512 472 
0 520 472 
0 528 472 
0 536 472 
0 544 472 
0 552 472 
0 560 472 
0 568 472 
0 576 472 
0 584 472 
0 592 472 
0 600 472 
0 608 472 
0 616 472 
0 624 472 
0 632 472 
0 640 472 
0 648 472 
0 656 472 
0 664 472 
0 672 472 
0 680 472 
0 688 472 
0 696 472 
0 704 472 
0 712 472 
0 720 472 
0 728 472 
0 736 472 
0 744 472 
0 752 472 
0 760 472 
0 768 472 
0 776 472 
0 784 472 
0 792 472 
