0 32 0 
0 32 8 
0 32 16 
0 32 24 
0 32 32 
1 80 32 
0 32 40 
0 32 48 
0 32 56 
0 32 64 
0 32 72 
0 32 80 
0 32 88 
0 32 96 
0 32 104 
0 32 112 
0 32 120 
0 32 128 
0 32 136 
0 32 144 
0 32 152 
0 32 160 
0 32 168 
0 32 176 
0 32 184 
0 32 192 
0 32 200 
0 32 208 
0 32 216 
0 32 224 
0 32 232 
0 32 240 
0 32 248 
0 32 256 
0 32 264 
0 32 272 
0 32 280 
0 32 288 
0 32 296 
0 32 304 
0 32 312 
0 32 320 
0 32 328 
0 32 336 
0 32 344 
0 32 352 
0 744 352 
0 752 352 
0 760 352 
0 768 352 
0 776 352 
0 784 352 
0 792 352 
0 32 360 
0 712 360 
0 720 360 
0 728 360 
0 736 360 
0 744 360 
0 752 360 
0 760 360 
0 768 360 
0 776 360 
0 784 360 
0 792 360 
0 32 368 
0 688 368 
0 696 368 
0 704 368 
0 712 368 
0 720 368 
0 728 368 
0 736 368 
0 744 368 
0 752 368 
0 32 376 
0 672 376 
0 680 376 
0 688 376 
0 696 376 
0 704 376 
0 712 376 
0 720 376 
0 32 384 
0 664 384 
0 672 384 
0 680 384 
0 688 384 
0 696 384 
0 704 384 
0 32 392 
0 656 392 
0 664 392 
0 672 392 
0 680 392 
0 688 392 
0 32 400 
0 656 400 
0 664 400 
0 672 400 
0 680 400 
0 32 408 
0 648 408 
0 656 408 
0 664 408 
0 672 408 
0 32 416 
0 640 416 
0 648 416 
0 656 416 
0 32 424 
0 640 424 
0 648 424 
0 32 432 
0 632 432 
0 640 432 
0 32 440 
0 624 440 
0 32 448 
0 624 448 
0 32 456 
0 616 456 
0 32 464 
0 616 464 
0 32 472 
0 608 472 
0 32 480 
0 608 480 
0 32 488 
0 608 488 
0 32 496 
0 608 496 
0 32 504 
0 600 504 
0 608 504 
0 32 512 
0 600 512 
0 32 520 
0 600 520 
0 32 528 
0 592 528 
0 32 536 
0 592 536 
0 32 544 
0 592 544 
0 32 552 
0 592 552 
0 32 560 
0 40 560 
0 48 560 
0 56 560 
0 64 560 
0 72 560 
0 80 560 
0 88 560 
0 96 560 
0 104 560 
0 112 560 
0 120 560 
0 128 560 
0 136 560 
0 144 560 
0 152 560 
0 160 560 
0 168 560 
0 176 560 
0 184 560 
0 192 560 
0 200 560 
0 208 560 
0 216 560 
0 224 560 
0 232 560 
0 240 560 
0 248 560 
0 256 560 
0 264 560 
0 272 560 
0 280 560 
0 288 560 
0 296 560 
0 304 560 
0 312 560 
0 320 560 
0 328 560 
0 336 560 
0 344 560 
0 352 560 
0 360 560 
0 368 560 
0 376 560 
0 384 560 
0 392 560 
0 400 560 
0 408 560 
0 416 560 
0 424 560 
0 432 560 
0 440 560 
0 448 560 
0 456 560 
0 464 560 
0 472 560 
0 480 560 
0 488 560 
0 496 560 
0 504 560 
0 512 560 
0 520 560 
0 528 560 
0 536 560 
0 544 560 
0 552 560 
0 560 560 
0 568 560 
0 576 560 
0 584 560 
0 592 560 
