0 248 0 
0 448 0 
0 248 8 
0 448 8 
0 248 16 
0 448 16 
0 248 24 
1 352 24 
0 448 24 
0 248 32 
0 448 32 
0 248 40 
0 448 40 
0 248 48 
0 448 48 
0 248 56 
0 448 56 
0 248 64 
0 448 64 
0 248 72 
0 448 72 
0 248 80 
0 448 80 
0 248 88 
0 448 88 
0 248 96 
0 448 96 
0 248 104 
0 448 104 
0 248 112 
0 448 112 
0 248 120 
0 448 120 
0 248 128 
0 448 128 
0 248 136 
0 448 136 
0 248 144 
0 448 144 
0 248 152 
0 448 152 
0 248 160 
0 448 160 
0 248 168 
0 448 168 
0 248 176 
0 448 176 
0 248 184 
0 448 184 
0 248 192 
0 448 192 
0 248 200 
0 448 200 
0 248 208 
0 448 208 
0 248 216 
0 448 216 
0 248 224 
0 448 224 
0 248 232 
0 448 232 
0 248 240 
0 448 240 
0 248 248 
0 448 248 
0 248 256 
0 448 256 
0 248 264 
0 448 264 
0 248 272 
0 448 272 
0 248 280 
0 448 280 
0 248 288 
0 448 288 
0 248 296 
0 448 296 
0 248 304 
0 448 304 
0 248 312 
0 448 312 
0 248 320 
0 448 320 
0 248 328 
0 448 328 
0 248 336 
0 448 336 
0 248 344 
0 448 344 
0 248 352 
0 448 352 
0 248 360 
0 448 360 
0 248 368 
0 448 368 
0 248 376 
0 448 376 
0 248 384 
0 448 384 
0 248 392 
0 448 392 
0 248 400 
0 448 400 
0 248 408 
0 448 408 
0 248 416 
0 448 416 
0 248 424 
0 448 424 
0 248 432 
0 448 432 
0 248 440 
0 448 440 
0 248 448 
0 448 448 
0 248 456 
0 448 456 
0 248 464 
0 448 464 
0 248 472 
0 448 472 
0 248 480 
0 448 480 
0 248 488 
0 448 488 
0 248 496 
0 448 496 
0 248 504 
0 448 504 
0 248 512 
0 448 512 
0 248 520 
0 448 520 
0 248 528 
0 448 528 
0 248 536 
0 448 536 
0 248 544 
0 448 544 
0 248 552 
0 448 552 
0 248 560 
0 448 560 
0 248 568 
0 448 568 
0 248 576 
0 448 576 
0 248 584 
0 448 584 
0 248 592 
0 448 592 
