0 768 0 
0 768 8 
0 776 8 
0 776 16 
0 776 24 
0 776 32 
0 776 40 
0 776 48 
0 776 56 
0 776 64 
0 776 72 
0 776 80 
0 776 88 
0 776 96 
0 776 104 
0 768 112 
0 768 120 
0 760 128 
0 768 128 
0 760 136 
0 752 144 
0 752 152 
0 744 160 
0 752 160 
0 744 168 
0 744 176 
0 744 184 
0 744 192 
0 744 200 
0 744 208 
0 744 216 
0 744 224 
0 744 232 
0 744 240 
0 744 248 
0 744 256 
0 744 264 
0 736 272 
0 744 272 
0 736 280 
0 736 288 
0 728 296 
0 728 304 
0 728 312 
0 728 320 
0 728 328 
0 728 336 
0 256 344 
0 264 344 
0 272 344 
0 280 344 
0 288 344 
0 296 344 
0 304 344 
0 312 344 
0 320 344 
0 328 344 
0 728 344 
0 240 352 
0 248 352 
0 256 352 
0 336 352 
0 344 352 
0 728 352 
1 56 360 
0 224 360 
0 232 360 
0 240 360 
0 344 360 
3 352 360 
3 360 360 
3 368 360 
3 376 360 
0 488 360 
0 496 360 
0 504 360 
0 512 360 
0 520 360 
0 528 360 
0 536 360 
0 544 360 
0 552 360 
0 560 360 
0 728 360 
0 208 368 
0 216 368 
0 328 368 
0 336 368 
3 384 368 
3 392 368 
3 400 368 
3 408 368 
3 416 368 
3 424 368 
3 432 368 
0 440 368 
0 448 368 
0 456 368 
0 464 368 
0 472 368 
0 480 368 
0 560 368 
0 568 368 
0 576 368 
0 728 368 
0 192 376 
0 200 376 
0 208 376 
0 312 376 
0 320 376 
0 448 376 
0 456 376 
0 584 376 
0 592 376 
0 728 376 
0 184 384 
0 192 384 
0 288 384 
0 296 384 
0 304 384 
0 312 384 
0 464 384 
0 472 384 
0 480 384 
0 600 384 
0 720 384 
0 728 384 
0 176 392 
0 184 392 
0 232 392 
0 240 392 
0 248 392 
0 256 392 
0 264 392 
0 272 392 
0 280 392 
0 488 392 
0 496 392 
0 600 392 
0 608 392 
0 720 392 
0 160 400 
0 168 400 
0 216 400 
0 224 400 
0 232 400 
0 496 400 
0 504 400 
0 512 400 
0 520 400 
0 528 400 
0 536 400 
0 544 400 
0 608 400 
0 616 400 
2 656 400 
0 712 400 
0 720 400 
0 144 408 
0 152 408 
0 160 408 
0 200 408 
0 208 408 
0 216 408 
0 544 408 
0 552 408 
0 616 408 
0 624 408 
0 704 408 
0 712 408 
0 128 416 
0 136 416 
0 144 416 
0 192 416 
0 200 416 
0 560 416 
0 568 416 
0 624 416 
0 632 416 
0 696 416 
0 704 416 
0 104 424 
0 112 424 
0 120 424 
0 128 424 
0 184 424 
0 192 424 
0 568 424 
0 576 424 
0 632 424 
0 640 424 
0 688 424 
0 696 424 
0 72 432 
0 80 432 
0 88 432 
0 96 432 
0 104 432 
0 184 432 
0 576 432 
0 648 432 
0 656 432 
0 664 432 
0 672 432 
0 680 432 
0 688 432 
0 0 440 
0 8 440 
0 16 440 
0 24 440 
0 32 440 
0 40 440 
0 48 440 
0 56 440 
0 64 440 
0 72 440 
0 184 440 
0 576 440 
0 584 440 
0 664 440 
0 672 440 
0 176 448 
0 584 448 
0 168 456 
0 176 456 
0 592 456 
0 168 464 
0 592 464 
0 160 472 
0 168 472 
0 600 472 
0 160 480 
0 600 480 
0 160 488 
0 592 488 
0 160 496 
0 592 496 
0 160 504 
0 592 504 
0 152 512 
0 160 512 
0 592 512 
0 152 520 
0 600 520 
0 152 528 
0 600 528 
0 152 536 
0 600 536 
0 152 544 
0 600 544 
0 152 552 
0 600 552 
0 152 560 
0 600 560 
0 152 568 
0 600 568 
0 152 576 
0 600 576 
0 152 584 
0 600 584 
0 152 592 
0 600 592 
